0
0
0
0
0
0
0
0
0
0
0
0
0
0
0
0
0
0
0
0
0
0
0
0
0
0
0
0
0
0
0
0
0
0
0
0
0
0
0
0
0
0
0
0
0
0
0
0
0
0
0
0
0
0
0
0
0
0
0
141
104
274
406
325
0
0
0
0
0
0
0
0
0
0
0
0
0
0
0
0
0
0
0
0
0
0
0
0
0
0
0
0
0
0
0
0
0
0
0
0
0
0
0
0
0
0
0
0
0
0
0
0
0
0
0
0
0
0
0
0
0
0
0
0
0
0
0
0
0
0
0
0
0
0
0
0
0
0
0
0
0
0
0
0
0
0
0
0
0
0
0
0
0
0
0
78
60
440
299
325
0
0
0
0
0
0
0
0
0
0
0
0
0
0
0
0
0
0
0
0
0
0
0
0
0
0
0
0
0
0
0
0
0
0
0
0
0
0
0
0
0
0
0
0
0
0
0
0
0
0
0
0
0
0
0
0
0
0
0
0
0
0
0
0
0
0
0
0
142
299
0
0
0
0
0
0
0
0
0
0
0
0
0
0
0
0
0
206
146
345
206
56
505
309
350
414
0
0
0
0
0
0
0
0
0
0
0
0
0
0
0
0
0
0
0
0
0
0
0
0
0
0
0
0
0
0
0
0
0
0
0
0
0
0
0
0
0
0
0
0
0
0
0
0
0
0
0
0
0
0
0
0
0
0
0
0
0
0
0
0
0
0
0
428
440
299
0
0
0
0
0
0
0
0
0
0
0
0
0
0
0
0
0
206
236
364
413
184
105
123
380
353
0
0
0
0
0
0
0
0
0
0
0
0
0
0
0
0
0
0
0
0
0
0
0
0
0
0
0
0
0
0
0
0
0
0
0
0
0
0
0
0
0
0
0
0
0
0
0
0
0
0
0
0
0
0
0
0
0
0
0
0
0
0
0
0
0
60
56
157
325
424
144
12
379
0
0
0
0
0
0
0
0
0
0
0
0
18
220
379
56
201
300
33
404
297
441
325
155
0
0
0
0
0
0
0
0
0
0
0
0
0
0
0
0
0
0
0
0
0
0
0
0
0
0
0
0
0
0
0
0
0
0
0
0
0
0
0
0
0
0
0
190
304
184
56
0
0
0
0
0
0
0
0
0
0
0
0
0
0
0
0
190
184
60
290
146
134
59
315
181
56
0
0
0
0
0
0
0
0
0
0
0
18
402
130
252
316
166
181
494
442
160
131
50
48
0
0
0
0
0
0
0
0
0
0
0
0
0
0
0
0
0
0
0
0
0
0
0
0
0
0
0
0
0
0
0
0
0
0
0
0
0
0
0
0
0
0
145
222
48
440
154
0
0
0
0
0
0
0
0
0
0
0
0
0
0
0
134
134
157
110
122
185
107
180
410
395
0
0
0
0
0
0
0
0
0
0
0
183
154
450
135
167
114
177
58
154
386
386
24
408
0
0
0
0
0
0
0
0
0
0
0
0
0
0
0
0
0
0
0
0
0
0
0
0
0
0
0
0
0
0
0
0
0
0
0
0
0
0
0
0
0
0
16
67
63
304
27
408
0
0
0
0
0
0
0
0
0
0
0
0
156
504
294
299
114
248
213
18
402
133
177
408
306
0
0
0
0
0
0
0
0
0
0
154
153
450
135
156
208
131
169
139
427
0
56
402
0
0
0
0
0
0
0
0
0
0
0
0
0
0
0
0
0
0
0
0
0
0
0
0
0
0
0
0
0
0
0
0
0
0
0
0
0
0
0
0
0
0
206
174
237
286
433
274
0
0
0
0
0
0
0
0
0
0
0
0
147
174
18
238
210
0
0
131
175
450
131
482
154
0
0
0
0
0
0
0
0
0
0
179
402
450
135
491
208
0
0
426
14
402
175
450
0
0
0
0
0
0
0
0
0
0
0
0
0
0
0
0
0
0
0
0
0
0
0
0
0
0
0
0
0
0
0
0
0
0
0
0
0
0
0
0
0
116
190
394
90
49
346
395
362
0
0
0
0
0
0
0
0
0
0
148
190
328
158
166
139
0
0
413
448
450
135
409
447
0
0
0
0
0
0
0
0
0
0
158
135
195
135
450
18
0
0
424
241
227
43
450
0
0
0
0
0
0
0
0
0
40
0
0
0
0
0
0
0
0
0
0
0
0
0
0
0
0
0
0
0
0
0
0
0
0
0
0
0
0
0
0
0
134
480
114
0
0
142
402
284
0
0
0
0
0
0
0
0
0
0
18
134
402
230
114
18
0
0
135
152
450
211
483
402
56
0
0
0
0
0
0
0
0
0
18
131
212
387
486
208
0
0
0
0
57
239
450
0
0
0
0
0
0
0
0
210
184
0
0
0
0
0
0
0
0
0
0
0
0
0
0
0
0
0
0
0
0
0
0
0
0
0
0
0
0
0
0
292
242
392
148
0
0
179
87
402
0
0
0
0
0
0
0
0
0
0
18
135
412
236
284
440
312
440
135
48
450
145
24
210
24
0
0
0
0
0
0
0
0
0
0
147
241
448
130
63
0
0
0
0
131
386
450
0
0
44
318
61
284
124
190
18
299
184
0
0
0
0
0
0
0
0
0
0
0
0
0
0
0
0
0
0
0
0
0
0
0
0
0
0
0
0
0
28
178
114
0
0
0
0
57
450
0
0
0
0
0
0
0
0
0
0
158
135
151
440
241
178
48
394
135
45
450
0
24
47
408
0
0
0
0
0
0
0
0
0
0
135
130
50
43
18
0
0
0
234
206
241
139
0
53
28
291
154
430
163
236
378
144
395
0
0
0
0
0
0
0
0
0
0
0
0
0
0
0
0
0
0
0
0
0
0
0
0
0
0
0
0
0
134
156
426
0
0
0
0
131
402
299
0
0
0
0
0
0
0
0
0
179
147
317
408
430
32
134
385
0
402
450
274
152
184
402
0
0
0
0
0
0
0
0
0
0
131
17
282
48
416
427
164
508
472
120
134
433
236
207
408
18
154
386
190
51
224
318
480
297
174
349
0
0
0
0
0
0
0
0
0
0
0
0
0
0
0
0
0
0
0
0
0
0
0
0
0
0
135
206
0
0
0
0
0
177
226
402
0
0
0
0
0
0
0
0
0
0
135
57
105
105
318
425
210
408
426
450
114
274
28
450
0
0
0
0
0
0
0
0
0
0
0
425
397
326
290
432
36
126
246
157
465
482
22
157
122
73
57
363
402
157
32
63
24
376
396
443
0
0
0
0
0
0
0
0
0
0
0
0
0
0
0
0
0
0
0
0
0
0
0
0
0
0
43
450
0
0
0
0
0
73
57
128
48
0
0
0
0
0
0
0
0
0
163
252
58
155
27
146
24
146
135
482
410
57
483
450
0
0
0
0
0
0
0
0
0
0
0
427
18
131
317
146
182
46
157
102
147
58
202
118
161
253
99
163
57
105
60
422
286
425
312
447
346
236
0
0
0
0
0
0
0
0
0
0
0
0
0
0
0
0
0
0
0
0
0
0
0
0
91
146
0
0
0
0
0
184
429
400
410
0
0
0
0
0
0
0
0
0
0
0
0
0
0
18
24
146
135
451
114
390
135
450
0
0
0
0
0
0
0
0
0
0
0
0
19
322
185
56
105
105
80
466
18
24
424
280
181
202
156
394
299
0
0
177
135
155
106
186
154
155
0
0
0
0
0
0
0
0
0
0
0
0
0
0
0
0
0
0
0
0
0
0
0
474
54
208
0
0
0
0
22
150
184
402
395
0
0
0
0
0
0
0
0
0
0
0
0
0
0
150
24
450
135
129
154
134
203
450
0
0
0
0
0
0
0
0
0
0
0
0
18
226
408
248
185
107
0
90
18
453
58
426
238
43
157
82
122
0
0
463
147
254
0
425
299
395
154
0
0
0
0
0
0
0
0
0
0
0
0
0
0
0
0
0
0
0
0
0
0
135
152
146
0
0
0
0
135
166
326
450
406
0
0
0
0
0
0
0
0
0
0
0
0
0
0
18
45
146
179
154
410
135
178
146
0
0
0
0
0
0
0
0
0
0
0
0
135
24
402
0
0
0
0
0
18
56
48
142
56
230
114
0
0
0
0
0
19
432
28
114
46
312
402
0
0
0
0
0
0
0
0
0
0
0
0
0
0
0
0
0
0
0
0
0
0
148
298
146
0
0
0
0
402
156
135
146
450
0
0
0
0
0
0
0
0
0
0
0
0
0
0
19
45
18
427
239
131
135
440
208
0
0
0
0
0
0
0
0
0
0
0
0
424
153
402
0
0
0
0
0
179
199
184
248
142
168
126
0
0
0
0
0
179
504
404
185
147
128
450
0
0
0
0
0
0
0
0
0
0
0
0
0
0
0
0
0
0
0
0
0
0
150
26
410
0
0
0
0
6
56
135
146
450
0
0
0
0
0
0
0
0
0
0
0
0
0
0
148
48
208
0
399
230
231
216
146
0
0
0
0
0
0
0
0
0
0
0
0
0
45
450
0
0
0
0
0
0
134
48
53
397
470
0
0
0
0
0
0
18
56
156
0
48
57
67
0
0
0
0
0
0
0
0
0
0
0
0
0
0
0
0
0
0
0
0
0
0
18
144
410
0
0
0
0
244
450
135
146
483
0
0
0
0
0
0
0
0
0
0
0
0
0
0
18
57
243
0
241
239
427
154
174
0
0
0
0
0
0
0
0
0
0
0
0
0
57
450
0
0
0
0
0
179
131
239
157
114
177
0
0
0
0
0
0
150
184
178
0
184
131
402
441
0
0
0
0
0
0
0
0
0
0
0
0
0
0
0
0
0
0
0
0
0
135
144
18
0
0
0
0
182
498
135
146
494
0
0
0
0
0
0
0
0
0
0
0
0
0
0
22
26
448
0
0
57
7
144
0
0
0
0
0
0
0
0
0
0
0
0
0
0
134
450
0
0
0
0
0
0
134
135
154
450
0
0
0
0
0
0
0
19
184
292
0
0
49
113
402
0
0
0
0
0
0
0
0
0
0
0
0
0
0
0
0
0
0
0
0
0
135
144
146
0
0
0
203
45
402
231
182
130
0
0
0
0
0
0
0
0
0
0
0
0
0
0
18
50
249
0
0
292
464
178
0
0
0
0
0
0
0
0
0
0
0
0
0
0
135
130
0
0
0
0
0
0
241
131
176
75
0
0
0
0
0
0
0
22
73
426
0
0
292
282
450
0
0
0
0
0
0
0
0
0
0
0
0
0
0
0
0
0
0
0
0
0
151
146
274
0
0
0
170
43
450
184
146
486
0
0
0
0
0
0
0
0
0
0
0
0
0
0
18
50
252
0
0
0
18
144
48
0
0
0
0
0
0
0
0
0
0
0
0
0
135
448
0
0
0
0
0
0
0
19
440
450
0
0
0
0
0
0
0
183
50
282
0
0
0
56
99
0
0
0
0
0
0
0
0
0
0
0
0
0
0
0
0
0
0
0
0
0
18
402
209
0
0
0
427
158
450
24
196
206
0
0
0
0
0
0
0
0
0
0
0
0
0
0
135
458
0
0
0
0
18
360
154
0
0
0
0
0
0
0
0
0
0
0
0
0
211
154
0
0
0
0
0
0
0
135
163
448
0
0
0
0
0
0
0
218
144
0
0
0
0
135
144
410
0
0
0
0
0
0
0
0
0
0
0
0
0
0
0
0
0
0
0
0
179
212
410
0
0
0
28
402
386
48
450
450
0
0
0
0
0
0
0
0
0
0
0
0
0
0
135
450
0
0
0
0
18
50
7
0
0
0
0
0
0
0
0
0
0
0
0
0
18
154
0
0
0
0
0
0
0
135
58
448
0
0
0
0
0
0
0
448
243
0
0
0
0
18
443
112
0
0
0
0
0
0
0
0
0
0
0
0
0
0
0
0
0
0
0
0
474
483
114
0
0
0
184
448
384
48
146
146
0
0
0
0
0
0
0
0
0
0
0
0
0
0
134
450
0
0
0
0
18
434
39
0
0
0
0
0
0
0
0
0
0
0
0
0
153
144
0
0
0
0
0
0
0
18
24
450
0
0
0
0
0
0
0
118
458
0
0
0
0
464
450
410
0
0
0
0
0
0
0
0
0
0
0
0
0
0
0
0
0
0
0
0
57
24
146
0
0
0
0
135
355
24
275
114
0
0
0
0
0
0
0
0
0
0
0
0
0
0
448
450
0
0
0
0
179
434
511
0
0
0
0
0
0
0
0
0
0
0
0
0
144
434
0
0
0
0
0
0
0
201
48
450
0
0
0
0
0
0
0
60
18
0
0
0
0
438
24
146
0
0
0
0
0
0
0
0
0
0
0
0
0
0
0
0
0
0
0
0
130
24
146
0
0
0
0
210
406
282
50
426
0
0
0
0
0
0
0
0
0
0
0
0
0
0
402
450
0
0
0
0
179
73
114
0
0
0
0
0
0
0
0
0
0
0
0
0
27
73
400
0
0
0
0
0
0
135
48
365
0
0
0
0
0
0
134
147
208
0
0
0
0
18
58
450
0
0
0
0
0
0
0
0
0
0
0
0
0
0
0
0
0
0
0
0
451
48
146
0
0
0
0
145
241
402
458
113
0
0
0
0
0
0
0
0
0
0
0
0
0
0
153
450
0
0
0
0
158
24
448
0
0
0
0
0
0
0
0
0
0
0
0
0
0
45
400
0
0
0
0
0
0
135
48
408
0
0
0
0
0
0
150
134
208
0
0
0
0
179
56
482
0
0
0
0
0
0
0
0
0
0
0
0
0
0
0
0
0
0
0
0
57
24
146
0
0
0
0
57
425
230
146
186
0
0
0
0
0
0
0
0
0
0
0
0
0
0
122
208
0
0
0
0
152
58
0
0
0
0
0
0
0
0
0
0
0
0
0
0
185
152
18
0
0
0
0
0
0
135
188
448
0
0
0
0
0
0
150
195
50
0
0
0
0
18
399
435
386
0
0
0
0
0
0
0
0
0
0
0
0
0
0
0
0
0
0
0
184
56
146
0
0
0
0
0
171
45
146
0
0
0
0
0
0
0
0
0
0
0
0
0
0
0
57
208
0
0
0
0
179
26
58
0
0
0
0
0
0
0
0
0
0
0
0
0
0
153
18
0
0
0
0
0
0
18
24
210
0
0
0
0
0
0
150
56
232
0
0
0
0
18
131
148
274
0
0
0
0
0
0
0
0
0
0
0
0
0
0
0
0
0
0
0
218
133
450
0
0
0
0
0
22
50
450
0
0
0
0
0
0
0
0
0
0
0
0
0
0
239
441
0
0
0
0
0
154
26
7
0
0
0
0
0
0
0
0
0
0
0
0
0
0
45
402
0
0
0
0
0
0
135
50
450
0
0
0
0
0
0
135
184
120
0
0
0
0
177
19
195
402
0
0
0
0
0
0
0
0
0
0
0
0
0
0
0
0
0
0
0
22
413
450
0
0
0
0
0
19
58
450
0
0
0
0
0
0
0
0
0
0
0
0
0
0
158
248
219
0
0
0
0
19
24
448
0
0
0
0
0
0
0
0
0
0
0
0
0
0
184
450
0
0
0
0
0
0
218
178
450
0
0
0
0
0
0
135
248
26
0
0
0
0
0
155
56
450
0
0
0
0
0
0
0
0
0
0
0
0
0
0
0
0
0
0
0
18
150
450
0
0
0
0
0
28
58
450
0
0
0
0
0
0
0
0
0
0
0
0
0
0
155
0
488
0
0
0
0
158
57
408
0
0
0
0
0
0
0
0
0
0
0
0
0
0
57
450
0
0
0
0
0
0
150
178
402
0
0
0
0
0
0
135
485
18
0
0
0
0
0
149
24
66
450
0
0
0
0
0
0
0
0
0
0
0
0
0
0
0
0
0
0
18
450
450
0
0
0
0
0
18
147
450
0
0
0
0
0
0
0
0
0
0
0
0
0
0
135
440
146
0
0
0
0
135
370
208
0
0
0
0
0
0
0
0
0
0
0
0
0
0
184
150
0
0
0
0
0
0
18
395
146
0
0
0
0
0
0
135
456
18
0
0
0
0
0
135
402
433
210
0
0
0
0
0
0
0
0
0
0
0
0
0
0
0
0
0
0
18
434
147
0
0
0
0
0
504
490
450
0
0
0
0
0
0
0
0
0
0
0
0
0
0
175
354
114
0
0
0
0
418
296
146
0
0
0
0
0
0
0
0
0
0
0
0
0
0
175
370
208
0
0
0
0
18
135
88
208
0
0
0
0
0
0
402
440
474
0
0
0
0
0
135
402
440
402
0
0
0
0
0
0
0
0
0
0
0
0
0
0
0
0
0
0
150
225
450
0
0
0
0
0
18
454
450
0
0
0
0
0
0
0
0
0
0
0
0
0
28
118
37
408
0
0
0
0
150
266
395
0
0
0
0
0
0
0
0
0
0
0
0
0
0
45
48
490
0
0
0
0
0
135
440
408
0
0
0
0
0
0
135
440
474
0
0
0
0
0
18
390
73
402
0
0
0
0
0
0
0
0
0
0
0
0
0
0
0
0
0
175
206
390
139
0
0
0
0
0
150
450
450
0
0
0
0
0
0
0
0
0
0
0
0
173
206
282
397
11
303
0
0
61
206
498
433
466
0
0
0
0
0
0
0
0
0
0
0
0
16
154
48
408
0
0
0
0
135
118
433
98
272
0
0
0
0
0
135
248
392
0
0
0
0
0
150
6
391
155
146
0
0
0
0
0
0
0
0
0
0
0
0
0
0
0
29
311
39
450
187
304
0
0
0
63
135
450
67
314
0
0
0
0
0
0
0
0
0
0
0
173
118
385
350
432
408
0
0
150
0
494
400
155
282
0
0
0
0
0
0
0
0
0
0
60
190
310
58
155
306
0
0
190
158
48
144
56
400
0
0
0
0
0
135
56
400
0
0
0
0
190
190
118
406
67
31
0
0
0
0
0
0
0
0
0
0
0
0
0
0
0
181
150
48
450
48
274
0
0
0
61
39
146
433
390
0
0
0
0
0
0
0
0
0
0
0
158
274
218
7
48
450
0
0
135
290
412
134
385
464
0
0
0
0
0
0
0
0
0
0
225
134
126
492
433
363
0
0
464
135
48
196
45
451
0
0
0
0
0
129
230
400
0
0
0
0
18
134
48
402
433
274
0
0
0
0
0
0
0
0
0
0
0
0
0
0
0
150
135
426
218
0
450
0
0
0
22
48
402
48
402
312
0
0
0
0
0
0
0
0
0
0
150
184
434
135
48
450
408
184
70
443
3
488
0
402
0
0
0
0
0
0
0
0
0
0
184
6
408
325
180
400
0
0
18
199
48
450
153
435
312
0
0
0
126
242
391
155
56
0
0
0
18
70
426
146
48
450
0
0
0
0
0
0
0
0
0
0
0
0
0
0
0
135
118
155
218
48
218
0
0
0
135
312
210
48
450
325
0
0
0
0
0
0
0
0
0
0
135
48
466
135
248
448
114
56
242
360
219
250
441
402
0
0
0
0
0
0
0
0
0
0
158
45
402
70
48
450
0
0
438
6
312
448
2
360
90
0
0
0
158
48
390
433
490
0
0
0
18
118
182
218
44
450
0
0
0
0
0
0
0
0
0
0
0
0
0
0
0
135
274
218
146
154
187
40
0
124
402
368
146
184
147
488
0
0
0
0
0
0
0
0
0
253
135
176
434
135
153
187
130
184
45
155
384
262
443
146
274
0
0
0
0
0
0
0
0
0
150
153
434
182
0
451
282
0
150
153
291
258
6
432
274
0
0
157
135
424
146
48
400
274
0
0
190
238
154
146
153
147
0
0
0
0
0
0
0
0
0
0
0
0
0
0
0
150
485
448
390
238
432
408
0
45
246
47
146
45
432
402
0
0
0
0
0
0
0
0
0
201
135
312
466
135
145
360
7
153
54
384
434
133
0
450
410
0
0
0
0
0
0
0
0
0
135
184
146
182
184
219
210
0
179
45
0
155
6
432
146
0
0
173
6
154
455
176
387
418
0
0
155
218
128
146
488
360
0
0
0
0
0
0
0
0
0
0
0
0
0
0
148
150
48
150
448
60
288
402
0
73
54
434
146
246
384
400
0
0
0
0
0
0
0
0
0
147
402
50
434
135
153
434
234
22
54
434
402
61
184
450
18
0
0
0
0
0
0
0
0
0
135
48
434
475
406
187
327
0
158
45
315
384
402
440
450
0
0
390
45
402
146
45
154
463
0
0
135
126
291
147
182
73
288
0
0
0
0
0
0
0
0
0
0
0
0
0
150
135
48
448
398
54
187
18
0
397
48
154
450
153
385
146
0
0
0
0
0
0
0
0
0
135
6
402
146
135
153
434
56
22
274
450
146
145
48
450
18
0
0
0
0
0
0
0
0
0
135
48
434
7
254
360
450
0
150
153
474
150
6
440
450
0
0
175
54
50
402
153
187
450
0
0
199
184
434
144
135
187
408
0
0
0
0
0
0
0
0
0
0
0
0
0
18
135
128
448
146
150
41
18
0
22
48
402
454
6
187
146
0
0
0
0
0
0
0
0
0
135
153
354
146
210
153
360
490
18
300
434
146
151
56
451
467
0
0
0
0
0
0
0
0
0
135
490
450
151
6
360
450
0
18
153
435
434
402
201
450
0
0
22
153
148
450
218
432
262
0
0
6
304
434
467
182
435
400
0
0
0
0
0
0
0
0
0
0
0
0
0
464
135
144
448
146
183
47
146
0
150
48
146
402
218
440
450
0
0
0
0
0
0
0
0
0
135
45
466
146
135
152
73
451
18
155
434
448
135
189
150
18
0
0
0
0
0
0
0
0
0
135
443
434
135
218
73
450
0
18
45
451
146
146
48
150
0
0
18
48
39
450
182
48
400
0
0
153
297
443
146
70
187
400
0
0
0
0
0
0
0
0
0
0
0
0
0
19
134
48
291
454
33
443
146
0
151
154
146
454
182
230
450
275
0
0
0
0
0
0
0
0
135
45
448
146
135
153
48
407
135
297
434
146
402
45
147
146
0
0
0
0
0
0
0
0
201
402
146
218
135
402
48
402
0
151
45
406
480
504
184
39
0
0
135
48
48
450
153
18
146
0
0
153
406
434
448
244
424
146
0
0
0
0
0
0
0
0
0
0
0
0
0
504
199
424
147
146
18
150
146
0
135
288
434
390
250
184
450
210
0
0
0
0
0
0
0
0
135
274
448
434
135
218
48
400
135
447
218
448
15
184
147
18
0
0
0
0
0
0
0
0
57
6
400
146
135
118
48
400
0
135
48
434
146
135
153
511
0
0
135
48
312
451
506
175
450
0
0
45
155
434
146
135
47
450
0
0
0
0
0
0
0
0
0
0
0
0
0
18
402
178
435
146
218
441
450
0
135
154
406
418
48
43
450
450
0
0
0
0
0
0
0
0
135
49
384
218
146
154
48
146
135
99
218
402
402
142
178
146
0
0
0
0
0
0
0
0
57
6
219
146
210
176
48
146
0
135
18
450
146
146
134
147
0
0
135
48
146
454
182
154
450
410
0
45
402
450
146
146
150
450
0
0
0
0
0
0
0
0
0
0
0
0
0
150
402
56
434
135
182
360
450
0
135
50
150
312
142
412
454
450
0
0
0
0
0
0
0
0
135
57
434
448
192
6
184
146
135
159
450
450
182
118
434
18
0
0
0
0
0
0
0
0
390
153
154
146
402
155
184
450
0
135
48
434
146
135
231
178
0
0
135
48
150
390
402
135
450
114
0
45
146
387
150
135
187
450
0
0
0
0
0
0
0
0
0
0
0
0
0
179
402
158
147
146
6
151
450
0
135
436
150
7
464
420
150
450
0
0
0
0
0
0
0
0
150
0
218
434
146
2
184
146
135
146
434
450
135
146
434
146
0
0
0
0
0
0
0
0
495
153
434
146
146
153
184
450
394
135
48
434
150
210
135
178
408
0
135
395
146
146
448
135
450
384
0
45
483
146
147
135
147
450
0
0
0
0
0
0
0
0
0
0
0
0
0
158
402
434
146
150
135
145
450
0
135
178
150
150
151
325
150
450
0
0
0
0
0
0
0
0
18
47
218
450
146
402
184
146
135
146
434
450
134
448
73
208
0
0
0
0
0
0
0
0
390
45
434
146
402
146
134
450
402
135
48
434
150
135
153
178
424
0
134
65
448
327
391
6
450
402
0
45
443
146
402
135
424
450
0
0
0
0
0
0
0
0
0
0
0
0
0
504
153
448
146
146
402
372
450
0
134
47
150
146
183
150
150
450
0
0
0
0
0
0
0
0
18
232
146
146
219
154
184
146
390
447
450
450
135
238
48
400
0
0
0
0
0
0
0
0
203
45
218
150
135
146
201
450
146
135
48
146
219
35
132
73
402
0
134
395
146
386
238
54
455
450
0
45
150
434
146
135
154
450
0
0
0
0
0
0
0
0
0
0
0
0
0
464
45
448
434
146
402
130
450
0
390
47
146
146
146
133
150
450
0
0
0
0
0
0
0
0
18
184
434
434
219
6
135
450
390
146
434
146
135
175
48
400
0
0
0
0
0
0
0
0
387
45
451
146
135
402
181
450
146
135
48
146
219
155
135
178
400
0
134
0
178
450
218
18
150
450
0
45
150
450
146
135
48
450
0
0
0
0
0
0
0
0
0
0
0
0
0
18
45
88
218
146
0
440
450
238
402
154
146
455
155
129
147
450
0
0
0
0
0
0
0
0
18
282
434
450
210
182
135
450
6
146
146
448
0
175
48
400
0
0
0
0
0
0
0
0
175
45
146
7
135
218
134
451
146
135
48
146
146
129
135
178
146
134
390
154
434
450
391
154
147
450
150
45
147
450
146
135
48
448
0
0
0
0
0
0
0
0
0
0
0
0
0
438
45
50
218
146
150
440
454
464
402
146
448
146
182
150
178
450
0
0
0
0
0
0
0
0
135
448
434
434
135
402
146
450
402
219
146
385
63
135
184
146
0
0
0
0
0
0
0
0
142
45
146
325
391
135
134
150
450
135
56
146
219
146
135
48
146
135
390
58
146
434
7
218
154
146
150
45
154
450
146
391
24
150
0
0
0
0
0
0
0
0
0
0
0
0
0
18
45
219
467
146
183
62
150
134
402
511
448
18
151
135
178
402
0
0
0
0
0
0
0
0
135
154
434
146
151
146
135
450
402
147
219
466
414
135
184
146
0
0
0
0
0
0
0
0
15
18
75
497
231
182
464
150
146
135
154
218
147
391
146
184
146
134
390
441
67
450
7
400
178
450
18
153
434
450
448
210
48
150
0
0
0
0
0
0
0
0
0
0
0
0
0
158
45
154
434
146
210
61
150
135
402
146
448
455
155
135
178
450
0
0
0
0
0
0
0
0
135
73
434
434
210
6
135
450
402
146
402
450
146
135
184
146
0
0
0
0
0
0
0
0
56
48
150
146
230
402
183
150
402
135
490
434
219
391
146
184
450
147
390
434
47
450
146
135
178
450
18
18
450
450
448
274
48
150
0
0
0
0
0
0
0
0
0
0
0
0
0
18
6
178
218
178
135
57
150
135
402
178
219
497
145
210
434
146
0
0
0
0
0
0
0
134
135
154
434
434
18
155
135
450
402
146
434
450
138
464
184
450
0
0
0
0
0
0
0
0
143
45
147
219
134
402
504
150
450
135
306
434
219
135
210
464
450
134
402
312
147
450
402
496
73
146
18
152
370
450
435
134
48
150
0
0
0
0
0
0
0
0
0
0
0
0
0
18
45
146
448
400
135
134
150
135
402
154
146
150
153
153
434
450
0
0
0
0
0
0
0
135
135
63
434
434
146
135
135
450
402
146
450
450
402
146
270
450
0
0
0
0
0
0
0
0
56
48
434
47
466
6
135
511
402
135
146
434
146
135
135
146
450
135
402
322
154
145
402
153
48
466
18
153
146
450
146
391
48
147
0
0
0
0
0
0
0
0
0
0
0
0
0
18
45
146
434
468
135
135
147
134
153
434
146
454
411
402
434
146
0
0
0
0
0
0
0
18
135
433
448
434
464
3
150
450
402
146
434
146
118
135
135
450
0
0
0
0
0
0
0
0
56
7
150
26
210
45
150
154
210
135
376
466
155
502
181
206
450
135
402
146
402
450
402
73
48
146
18
153
145
450
26
135
122
219
0
0
0
0
0
0
0
0
0
0
0
0
0
151
153
146
146
207
135
135
147
135
153
434
146
146
153
6
434
450
0
0
0
0
0
0
0
151
135
146
218
450
146
6
150
450
402
178
434
146
62
135
391
450
0
0
0
0
0
0
0
0
390
50
150
146
155
6
150
154
402
135
482
146
146
263
135
134
450
131
402
146
18
450
402
218
48
450
18
45
146
434
146
135
48
219
0
0
0
0
0
0
0
0
0
0
0
0
0
135
45
451
146
130
82
218
219
135
45
435
219
464
155
183
73
450
0
0
0
0
0
0
0
151
134
73
451
470
511
182
146
130
402
434
218
146
442
183
135
450
0
0
0
0
0
0
0
0
406
511
7
448
135
6
152
178
146
135
191
434
146
18
402
175
450
135
402
465
146
147
511
135
200
402
18
45
146
146
146
155
48
219
0
0
0
0
0
0
0
0
0
0
0
0
0
135
218
155
146
184
244
402
219
201
45
154
182
18
146
183
73
146
0
0
0
0
0
0
0
151
390
434
434
448
67
146
146
130
402
146
450
146
146
135
135
450
0
0
0
0
0
0
0
0
7
434
435
146
135
6
54
178
402
135
434
434
450
448
146
134
130
135
402
434
146
146
144
135
6
146
18
45
146
146
146
210
24
178
0
0
0
0
0
0
0
0
0
0
0
0
0
135
155
146
146
442
210
218
178
131
45
360
402
386
178
146
440
402
0
0
0
0
0
0
0
18
390
150
448
147
134
153
210
130
402
144
150
146
386
411
135
450
0
0
0
0
0
0
0
0
146
146
435
218
391
175
152
178
146
135
219
402
151
326
150
135
150
218
402
434
448
146
57
210
6
146
18
45
146
434
448
135
48
219
0
0
0
0
0
0
0
0
0
0
0
0
0
135
150
146
451
448
135
402
178
487
18
187
402
327
54
7
184
146
0
0
0
0
0
0
0
135
402
448
150
147
135
153
146
130
153
443
147
146
150
6
146
450
0
0
0
0
0
0
0
0
18
146
146
218
391
175
153
360
466
135
450
146
150
386
150
70
150
131
402
434
218
146
57
135
184
146
18
45
146
146
146
135
56
219
0
0
0
0
0
0
0
0
0
0
0
0
0
135
153
146
146
16
135
62
178
16
45
219
218
158
155
135
48
146
0
0
0
0
0
0
0
18
402
146
435
146
135
504
210
130
153
384
219
219
146
402
210
454
0
0
0
0
0
0
0
0
18
466
434
262
135
135
18
360
466
135
218
146
219
322
153
146
147
135
402
448
450
434
402
146
146
146
151
48
146
146
147
135
48
178
0
0
0
0
0
0
0
0
0
0
0
0
0
135
48
146
146
16
135
150
178
178
45
150
448
387
502
135
184
146
0
0
0
0
0
0
0
18
402
144
223
146
135
214
210
130
153
406
146
146
146
402
400
130
0
0
0
0
0
0
0
0
18
450
434
450
131
155
146
73
450
135
434
146
150
322
153
18
147
135
402
448
450
218
448
135
504
146
135
48
146
146
454
135
48
178
0
0
0
0
0
0
0
0
0
0
0
0
0
135
45
146
450
468
135
210
178
219
45
402
146
291
6
135
184
146
0
0
0
0
0
0
0
135
402
219
450
146
18
153
146
130
153
150
434
218
434
402
54
150
0
0
0
0
0
0
0
0
18
7
434
146
7
135
146
73
450
135
146
450
454
18
402
474
219
135
402
154
448
219
448
146
135
146
135
48
146
450
144
135
58
219
0
0
0
0
0
0
0
0
0
0
0
0
0
135
153
146
450
146
135
402
178
219
18
146
146
3
7
135
184
146
0
0
0
0
0
0
0
135
402
144
450
146
18
402
144
150
153
150
434
146
434
402
144
150
0
0
0
0
0
0
0
0
18
7
146
146
455
146
146
48
146
135
434
450
451
219
135
18
219
135
402
128
146
466
184
146
7
450
135
24
146
434
150
135
48
178
0
0
0
0
0
0
0
0
0
0
0
0
0
135
48
384
146
135
135
182
178
158
45
474
450
230
129
39
232
146
0
0
0
0
0
0
0
18
402
219
450
450
146
488
146
150
45
146
146
146
450
182
135
150
0
0
0
0
0
0
0
0
18
474
146
146
199
146
146
184
146
135
218
434
434
448
210
153
178
448
153
146
303
434
56
182
135
450
135
50
434
450
451
135
48
178
0
0
0
0
0
0
0
0
0
0
0
0
0
135
48
434
466
135
135
135
178
18
45
146
434
427
262
150
184
146
0
0
0
0
0
0
0
135
402
219
218
450
146
488
146
150
45
150
146
146
450
182
135
39
0
0
0
0
0
0
0
0
18
434
434
146
135
402
388
56
146
135
22
63
218
386
210
151
178
0
153
146
218
434
184
402
135
450
135
434
18
450
451
135
48
178
75
0
0
0
0
0
0
0
0
0
0
0
0
135
184
450
146
402
135
229
360
152
57
434
218
440
135
146
184
146
0
0
0
0
0
0
0
135
402
146
448
434
134
402
146
150
45
147
434
218
73
182
144
39
0
0
0
0
0
0
0
0
18
146
450
448
402
135
146
175
18
135
450
146
434
386
402
135
178
0
153
146
434
210
218
146
210
450
135
146
146
450
450
145
156
178
7
0
0
0
0
0
0
0
0
0
0
0
0
134
48
450
146
453
146
134
434
18
48
434
218
218
135
146
184
146
0
0
0
0
0
0
0
18
402
146
448
146
7
0
146
150
45
511
434
218
218
182
274
511
0
0
0
0
0
0
0
0
18
146
450
448
146
135
146
182
146
135
262
159
434
194
0
135
434
184
153
146
146
402
504
146
135
450
135
450
146
450
146
151
177
178
490
0
0
0
0
0
0
0
0
0
0
0
0
390
48
434
450
135
150
135
360
18
411
434
448
450
135
155
184
146
0
0
0
0
0
0
0
135
402
147
434
466
7
155
146
150
45
18
434
448
316
402
150
150
0
0
0
0
0
0
0
0
18
146
434
146
198
504
210
402
146
135
448
450
146
406
402
146
360
156
45
434
448
450
151
146
135
450
135
450
146
450
243
135
153
178
193
0
0
0
0
0
0
0
0
0
0
0
0
390
48
482
146
135
407
167
434
18
146
434
448
329
150
150
184
146
0
0
0
0
0
0
0
135
402
219
218
434
3
153
146
150
45
146
450
448
402
146
18
511
0
0
0
0
0
0
0
0
18
146
434
448
406
504
390
135
146
135
448
434
354
438
131
210
434
412
45
146
128
402
402
146
146
450
135
450
294
434
26
135
45
178
7
0
0
0
0
0
0
0
0
0
0
0
0
402
48
387
434
326
210
184
434
18
406
434
448
434
146
144
184
146
410
0
0
0
0
0
0
135
153
434
146
450
135
402
135
150
45
219
434
150
327
18
144
511
0
0
0
0
0
0
0
0
18
434
450
218
402
211
135
135
450
135
450
146
448
146
135
135
360
488
45
432
434
150
54
246
146
450
135
146
219
434
146
210
45
178
488
0
0
0
0
0
0
0
0
0
0
0
0
402
490
147
450
130
402
474
434
18
448
434
448
178
146
274
48
450
274
0
0
0
0
0
0
151
153
434
146
450
135
6
135
150
18
146
434
434
56
153
504
154
0
0
0
0
0
0
0
0
18
434
450
448
212
278
402
135
450
135
434
146
448
471
452
236
48
0
45
144
146
218
206
152
146
130
135
146
434
218
146
39
184
178
490
0
0
0
0
0
0
0
0
0
0
0
0
402
306
146
434
135
327
146
434
18
456
146
448
325
146
402
135
450
18
0
0
0
0
0
0
18
45
450
146
448
135
153
135
150
18
219
434
450
184
146
146
154
0
0
0
0
0
0
0
0
18
146
466
218
151
402
6
135
450
135
450
146
450
454
146
182
48
218
45
146
146
450
402
176
146
130
135
146
434
450
18
70
56
178
448
0
0
0
0
0
0
0
0
0
0
0
0
402
453
146
218
131
429
402
434
18
488
434
448
402
504
402
45
450
18
0
0
0
0
0
0
151
45
498
146
448
155
153
402
150
18
146
434
450
412
402
18
178
0
0
0
0
0
0
0
0
18
146
434
218
434
402
146
210
450
135
450
470
367
487
135
218
48
0
45
144
218
132
151
132
402
150
134
146
434
146
468
402
48
178
0
0
0
0
0
0
0
0
0
0
0
0
0
402
207
146
3
135
402
402
73
151
482
450
291
450
231
71
153
450
146
0
0
0
0
0
0
151
45
218
146
448
135
146
402
150
18
146
450
146
37
246
146
178
0
0
0
0
0
0
0
0
18
146
448
466
450
402
146
135
450
135
218
146
147
0
135
218
48
408
45
146
146
455
18
135
488
147
134
450
402
146
434
175
48
434
39
0
0
0
0
0
0
0
0
0
0
0
0
153
7
146
147
134
479
402
73
135
385
434
128
482
402
448
182
450
146
0
0
0
0
0
0
18
18
367
434
147
135
146
210
150
24
146
402
146
282
402
152
178
0
0
0
0
0
0
0
0
18
146
450
450
178
246
131
155
450
135
448
146
218
184
391
166
184
18
45
146
146
147
18
135
488
154
134
230
450
146
450
395
0
434
178
0
0
0
0
0
0
0
0
0
0
0
0
153
386
146
434
245
155
146
434
135
402
218
39
450
184
402
182
450
400
0
0
0
0
0
0
18
45
218
450
218
135
146
146
150
24
146
450
448
354
402
18
178
0
0
0
0
0
0
0
0
18
434
451
146
146
210
135
182
450
135
146
146
146
0
455
488
48
18
45
219
146
182
151
135
402
154
390
178
450
146
7
135
18
434
488
0
0
0
0
0
0
0
0
0
0
0
0
153
0
146
146
419
145
402
434
135
210
147
150
454
45
448
150
450
209
0
0
0
0
0
0
18
45
192
146
146
87
146
210
150
24
146
450
154
230
246
180
178
0
0
0
0
0
0
0
0
18
146
147
450
146
431
155
182
450
134
146
147
146
232
167
396
184
146
45
219
254
392
151
503
431
178
390
402
454
434
482
239
402
178
490
0
0
0
0
0
0
0
0
0
0
0
0
45
154
146
218
134
153
402
434
135
456
434
47
434
57
82
146
450
18
0
0
0
0
0
0
18
45
434
218
467
146
135
135
150
24
435
450
146
391
510
150
50
0
0
0
0
0
0
0
0
18
146
146
147
154
134
263
210
450
134
450
450
146
153
135
402
184
146
45
402
219
455
146
134
246
178
390
450
450
450
178
182
386
178
47
0
0
0
0
0
0
0
0
0
0
0
0
45
216
178
454
39
402
146
73
135
147
218
147
402
218
402
131
450
146
0
0
0
0
0
0
131
45
146
434
146
146
145
146
39
24
146
450
146
395
210
150
50
0
0
0
0
0
0
0
0
18
146
146
146
147
135
464
135
450
134
147
450
146
146
50
466
6
146
45
146
146
230
146
135
146
144
390
146
450
450
146
150
146
434
110
0
0
0
0
0
0
0
0
0
0
0
0
45
144
0
451
407
135
146
73
135
146
219
150
146
150
247
135
450
18
0
0
0
0
0
0
150
57
218
434
434
504
135
146
150
24
218
196
146
146
145
135
360
0
0
0
0
0
0
0
0
18
451
146
146
146
151
18
135
450
134
146
434
146
448
22
135
402
146
45
146
146
385
146
135
153
144
390
504
450
450
146
135
450
434
448
0
0
0
0
0
0
0
0
0
0
0
0
45
219
395
147
190
411
402
73
135
146
146
166
147
438
406
135
450
146
0
0
0
0
0
0
150
48
146
474
146
402
402
146
39
24
147
435
402
447
146
210
73
0
0
0
0
0
0
0
0
18
147
150
146
454
19
18
135
450
134
146
146
146
155
474
135
402
450
45
222
146
400
146
145
152
144
6
208
354
450
182
391
419
434
448
0
0
0
0
0
0
0
0
0
0
0
0
45
56
128
386
420
210
146
73
135
146
219
148
232
18
135
135
450
18
0
0
0
0
0
0
150
411
146
146
146
402
402
18
511
24
50
434
450
146
54
18
73
0
0
0
0
0
0
0
0
18
434
150
146
146
144
402
135
130
134
450
146
146
450
133
135
402
450
45
154
434
219
54
182
135
178
402
394
146
218
438
130
7
434
144
0
0
0
0
0
0
0
0
0
0
0
0
45
7
146
402
448
151
146
73
135
367
224
254
22
151
194
218
450
18
0
0
0
0
0
0
18
503
146
146
146
131
402
146
511
24
432
466
450
108
153
464
73
0
0
0
0
0
0
0
0
18
400
466
146
146
210
143
402
130
134
450
146
146
450
391
230
218
450
18
146
11
43
210
135
402
178
402
386
450
147
451
455
57
178
144
0
0
0
0
0
0
0
0
0
0
0
0
45
490
146
434
402
150
504
73
135
482
146
146
391
87
231
146
450
18
0
0
0
0
0
0
18
448
146
448
146
146
402
146
511
24
26
218
450
248
153
146
440
0
0
0
0
0
0
0
0
18
146
434
146
218
135
210
135
150
134
450
146
434
454
407
399
402
450
45
6
439
406
144
146
175
178
402
450
146
146
458
314
7
178
18
0
0
0
0
0
0
0
0
0
0
0
0
152
218
218
218
155
155
131
73
135
218
146
218
131
131
131
155
450
208
0
0
0
0
0
0
18
218
218
218
218
155
18
131
511
24
208
218
218
211
211
211
248
0
0
0
0
0
0
0
0
18
146
147
146
150
210
18
135
150
134
450
450
146
450
211
7
402
450
45
6
150
147
152
402
6
178
402
210
18
450
435
130
58
178
18
0
0
0
0
0
0
