-1.000 -1.000 0.000
-1.000 -0.600 0.000
-1.000 -0.200 0.000
-1.000 0.200 0.000
-1.000 0.600 0.000
-1.000 1.000 0.000
-0.600 -1.000 0.000
-0.600 -0.600 0.000
-0.600 -0.200 0.000
-0.600 0.200 0.000
-0.600 0.600 0.000
-0.600 1.000 0.000
-0.200 -1.000 0.000
-0.200 -0.600 0.000
-0.200 -0.200 0.000
-0.200 0.200 0.000
-0.200 0.600 0.000
-0.200 1.000 0.000
0.200 -1.000 0.000
0.200 -0.600 0.000
0.200 -0.200 0.000
0.200 0.200 0.000
0.200 0.600 0.000
0.200 1.000 0.000
0.600 -1.000 0.000
0.600 -0.600 0.000
0.600 -0.200 0.000
0.600 0.200 0.000
0.600 0.600 0.000
0.600 1.000 0.000
1.000 -1.000 0.000
1.000 -0.600 0.000
1.000 -0.200 0.000
1.000 0.200 0.000
1.000 0.600 0.000
1.000 1.000 0.000
