0
0
0
0
0
0
0
0
0
0
0
0
0
0
0
0
0
0
0
0
0
0
0
0
0
0
0
0
0
0
0
0
0
0
0
0
0
0
390
0
220
446
236
300
158
397
130
109
446
144
504
44
300
393
105
490
0
0
0
0
0
0
0
0
0
0
0
0
0
0
0
0
0
0
0
0
0
0
0
0
0
0
0
0
0
0
0
0
0
0
0
0
0
0
0
0
0
0
0
0
0
0
0
0
0
0
0
0
0
0
0
0
0
0
0
0
0
0
0
0
0
0
0
0
0
0
0
0
0
0
0
0
0
0
185
121
122
0
131
58
178
214
402
56
365
365
53
184
252
236
300
363
0
0
0
0
0
0
0
0
0
0
0
0
0
0
0
0
0
0
0
0
0
0
0
0
0
0
0
0
0
0
0
0
0
0
0
0
0
0
0
0
0
0
0
0
0
0
0
0
0
0
0
0
0
0
0
0
0
0
0
0
0
0
0
0
0
0
0
0
0
0
0
0
0
0
0
0
0
0
0
0
292
238
146
154
182
309
49
46
18
174
267
282
362
141
366
330
138
164
283
0
0
0
0
0
0
0
0
0
0
0
0
0
0
0
0
0
0
0
0
0
0
0
0
0
0
0
0
0
0
0
0
0
0
0
0
0
0
0
0
0
0
0
0
0
0
0
0
0
0
0
0
0
0
0
0
0
0
0
0
0
0
0
0
0
0
0
0
0
0
0
0
0
0
0
172
266
179
206
48
454
148
44
300
296
296
440
440
440
369
268
368
171
181
425
346
177
0
0
0
0
0
0
0
0
0
0
0
0
0
0
0
0
0
0
0
0
0
0
0
0
0
0
0
0
0
0
0
0
0
0
0
0
0
0
0
0
0
0
0
0
0
0
0
0
0
0
0
0
0
0
0
0
0
0
0
0
0
134
50
48
430
151
284
130
441
184
504
350
160
54
156
56
300
300
74
110
341
414
190
236
44
57
301
300
296
353
122
7
120
300
300
56
312
430
184
175
128
410
156
266
139
0
0
0
0
0
0
0
0
0
0
0
0
0
0
0
0
0
0
0
0
0
0
0
0
0
0
0
0
0
0
0
0
0
0
0
0
0
0
0
0
0
0
0
0
0
0
0
0
0
0
0
0
135
360
41
105
202
178
174
426
57
282
60
300
122
386
18
108
201
312
48
289
100
60
56
57
57
120
56
56
56
56
24
432
31
312
184
438
441
301
24
201
335
408
230
406
0
0
0
0
0
0
0
0
0
0
0
0
0
0
0
0
0
0
0
0
0
0
0
0
0
0
0
0
0
0
0
0
0
0
0
0
0
0
0
0
0
0
0
0
0
0
0
0
0
0
0
0
135
146
24
134
92
400
148
399
236
40
18
482
45
60
357
440
62
300
57
440
40
293
57
440
440
144
446
28
108
300
296
440
58
357
353
440
448
296
292
57
296
453
173
139
0
0
0
0
0
0
0
0
0
0
0
0
0
0
0
0
0
0
0
0
0
0
0
0
0
0
0
0
0
0
0
0
0
0
0
0
0
0
0
0
0
0
0
0
0
0
0
0
0
0
0
0
497
58
181
124
432
188
300
127
49
382
364
440
56
57
292
292
62
126
126
48
316
440
440
154
144
146
504
232
45
299
111
440
59
317
288
440
187
456
457
352
432
389
283
247
274
0
0
0
0
0
0
0
0
0
0
0
0
0
0
0
0
0
0
0
0
0
0
0
0
0
0
0
0
0
0
0
0
0
0
0
0
0
0
0
0
0
0
0
0
0
0
0
0
426
12
238
504
0
184
252
57
496
0
72
201
72
15
57
72
72
441
72
120
312
57
249
435
248
104
323
408
150
201
120
431
296
104
106
37
299
504
440
312
290
7
297
201
0
7
299
184
504
313
301
297
156
297
232
0
0
0
0
0
0
0
0
0
0
0
0
0
0
0
0
0
0
0
0
0
0
0
0
0
0
0
0
0
0
0
0
0
0
0
0
0
0
0
0
184
312
57
150
274
252
326
0
60
250
206
0
262
52
58
22
412
504
480
220
114
178
122
139
178
120
120
110
59
125
386
386
441
146
303
121
301
112
144
144
386
184
385
112
443
56
443
112
425
411
362
0
424
157
166
120
0
0
0
0
0
0
0
0
0
0
0
0
0
0
0
0
0
0
0
0
0
0
0
0
0
0
0
0
0
0
0
0
0
0
0
0
0
0
0
0
442
206
188
229
184
48
118
202
420
44
202
397
88
166
178
197
371
14
280
170
202
419
14
105
196
105
114
354
178
61
476
195
24
196
406
56
292
460
395
440
50
300
440
440
440
137
289
291
395
33
267
234
220
282
340
392
0
0
0
0
0
0
0
0
0
0
0
0
0
0
0
0
0
0
0
0
0
0
0
0
0
0
0
0
0
0
0
0
0
0
0
0
0
0
0
0
18
338
220
74
431
254
60
456
254
56
299
448
427
480
24
41
208
146
108
360
348
424
200
76
166
442
477
105
105
248
121
104
233
237
312
76
62
419
250
248
78
330
174
440
440
56
289
288
432
289
490
40
283
171
426
158
18
0
0
0
0
0
0
0
0
0
0
0
0
0
0
0
0
0
0
0
0
0
0
0
0
0
0
0
0
0
0
0
0
0
0
190
362
60
272
148
406
20
160
431
431
60
44
250
50
202
450
76
376
154
446
220
248
28
252
252
210
178
222
280
146
446
218
220
350
218
168
105
240
131
146
362
154
131
218
131
146
31
32
220
63
32
7
322
443
48
492
440
433
426
284
296
56
24
282
60
274
0
0
0
0
0
0
0
0
0
0
0
0
0
0
0
0
0
0
0
0
0
0
0
0
0
0
0
0
0
0
179
490
60
28
306
20
74
154
1
70
254
250
157
58
76
108
44
298
154
198
220
58
312
248
123
105
105
176
220
365
346
218
419
109
262
386
14
259
188
96
58
110
220
252
258
166
105
110
365
114
177
150
131
443
312
400
433
443
144
425
312
230
156
230
325
355
0
0
0
0
0
0
0
0
0
0
0
0
0
0
0
0
0
0
0
0
0
0
0
0
0
0
0
0
0
0
0
24
18
157
220
101
118
236
78
254
507
24
195
58
152
59
411
472
56
166
438
121
56
480
56
51
7
41
325
376
24
56
110
425
230
402
434
467
58
238
207
297
58
0
147
30
395
206
425
112
411
166
144
154
429
291
440
353
56
395
389
283
425
48
126
0
0
0
0
0
0
0
0
0
0
0
0
0
0
0
0
0
0
0
0
0
0
0
0
0
0
0
0
0
0
0
148
171
177
206
326
73
511
70
74
135
144
200
191
115
111
24
56
111
105
480
104
366
253
328
325
415
40
184
360
24
139
154
248
411
425
450
206
61
328
230
45
144
392
56
103
56
123
41
110
236
296
434
232
232
41
144
137
291
187
443
418
432
395
17
168
440
0
0
0
0
0
0
0
0
0
0
0
0
0
0
0
0
0
0
0
0
0
0
0
0
0
0
0
0
184
0
18
495
172
0
302
254
60
250
58
252
105
234
435
252
166
7
154
230
184
105
184
108
361
230
291
317
107
312
218
206
454
450
393
230
385
218
238
395
180
419
406
490
178
290
360
248
131
493
131
61
248
230
156
248
15
224
96
480
443
11
201
354
490
480
494
502
354
0
0
0
0
0
0
0
0
0
0
0
0
0
0
0
0
0
0
0
0
0
0
0
0
0
18
386
18
494
174
54
118
54
54
218
7
59
425
120
427
280
73
68
376
419
56
108
48
98
156
0
324
354
14
152
178
178
55
448
359
497
433
156
166
244
402
128
57
59
57
282
465
58
182
134
185
57
178
155
218
82
424
511
218
299
43
474
450
461
443
0
443
144
433
274
419
434
326
386
0
0
0
0
0
0
0
0
0
0
0
0
0
0
0
0
0
0
0
0
0
0
18
434
166
236
204
118
292
72
54
153
395
173
110
154
201
7
288
435
146
330
252
72
184
230
399
145
454
434
18
418
422
144
237
73
76
121
62
230
144
14
412
230
42
152
248
37
376
180
154
390
48
104
408
219
451
258
24
146
477
73
480
254
229
392
259
288
3
395
298
497
394
210
406
450
0
0
0
0
0
0
0
0
0
0
0
0
0
0
0
0
0
0
0
0
0
0
2
184
18
212
101
69
101
134
18
411
183
73
498
200
154
435
318
148
287
195
45
13
346
442
18
166
210
241
177
315
480
58
200
137
56
90
414
37
296
275
240
394
384
14
263
202
144
184
104
290
446
165
354
145
110
451
62
104
236
157
241
402
61
112
128
442
434
443
353
322
97
282
395
174
0
0
0
0
0
0
0
0
0
0
0
0
0
0
0
0
0
0
0
0
0
0
18
178
156
101
110
118
511
511
28
421
108
48
176
134
294
262
218
241
230
454
41
376
346
427
248
252
195
144
427
220
110
58
18
146
18
48
494
154
154
146
252
146
210
195
179
146
0
206
122
296
360
240
233
252
329
230
393
41
56
58
509
241
48
439
263
0
439
150
432
18
426
139
450
362
0
0
0
0
0
0
0
0
0
0
0
0
0
0
0
0
0
0
134
146
154
0
504
412
134
48
218
150
229
430
77
297
107
180
436
291
312
230
105
104
147
195
24
176
105
72
248
178
422
128
59
0
114
105
411
176
50
218
248
24
225
325
418
106
195
176
132
376
300
110
122
185
457
218
73
490
146
313
292
360
290
26
249
254
154
180
435
154
290
184
435
443
443
436
291
490
60
334
441
425
0
0
0
0
0
0
0
0
0
0
0
0
0
0
419
209
0
0
22
238
39
229
249
68
259
209
293
105
105
135
191
73
109
78
24
202
224
395
200
97
393
240
139
268
162
201
73
76
72
241
41
24
200
61
58
374
154
90
147
154
33
56
181
410
317
13
48
412
358
364
50
18
139
177
128
39
2
173
73
425
238
395
179
307
150
48
434
432
443
395
433
408
39
142
363
40
0
0
0
0
0
0
0
0
0
0
0
0
0
0
0
0
142
146
418
238
54
488
236
310
307
330
220
105
78
427
105
382
45
102
235
174
24
92
329
73
325
146
477
109
362
230
206
144
451
109
236
394
146
406
292
189
68
296
440
292
299
46
425
230
221
211
88
147
218
325
178
43
146
238
166
39
45
109
480
24
291
332
158
146
402
48
146
146
289
402
58
155
146
171
182
312
0
0
0
0
0
0
0
0
0
0
0
0
0
0
0
0
211
115
190
242
229
492
320
43
448
218
184
468
36
14
509
225
198
196
287
248
152
131
220
195
323
230
450
131
26
218
131
178
225
399
226
228
48
295
79
322
146
168
248
406
187
184
490
433
101
45
248
132
450
386
301
41
254
28
27
132
120
202
238
264
138
402
162
252
454
48
184
155
219
219
265
73
402
266
178
182
0
0
0
0
0
0
0
0
0
0
0
0
0
0
134
79
413
59
218
274
402
39
177
248
489
230
425
210
173
182
210
425
480
483
237
28
335
451
166
469
120
418
362
230
152
450
218
166
397
243
105
263
14
110
131
78
57
426
426
154
360
177
504
440
28
44
154
441
297
247
442
184
206
395
187
147
56
354
184
446
274
107
18
144
480
24
24
432
443
146
291
38
67
112
106
427
0
0
0
0
0
0
0
0
0
0
0
0
0
0
419
40
210
282
326
244
196
56
448
412
354
138
230
146
137
230
76
46
105
178
395
147
210
146
206
73
392
195
110
184
110
236
327
325
371
437
460
391
214
299
236
254
395
48
154
59
293
120
440
434
206
312
300
299
154
437
304
154
33
168
236
506
232
333
360
291
248
56
411
353
329
202
482
178
178
259
435
442
219
282
248
26
0
0
0
0
0
0
0
0
0
0
0
0
0
0
135
0
18
134
129
218
488
15
56
465
110
258
154
487
137
105
236
261
103
451
281
203
222
24
195
248
200
328
480
248
217
480
105
83
240
163
36
414
448
440
74
18
144
164
50
181
48
139
148
395
58
326
177
366
335
114
154
390
406
409
148
449
184
395
433
155
385
28
35
24
350
326
451
146
33
219
299
450
436
384
284
304
0
0
0
0
0
0
0
0
0
0
0
0
0
0
175
410
147
424
325
198
0
157
248
96
395
230
454
424
451
56
110
367
230
222
252
225
24
176
76
328
24
230
178
156
248
302
291
291
245
397
472
45
402
230
145
248
451
125
198
387
249
399
425
334
236
312
184
182
440
184
291
219
395
406
301
125
57
297
297
146
402
419
440
317
35
327
79
312
264
219
177
450
19
480
354
426
0
0
0
0
0
0
0
0
0
0
0
0
0
0
0
184
190
18
218
242
177
325
316
50
180
157
338
0
230
330
488
206
105
57
211
156
280
148
370
230
24
50
31
107
412
56
236
219
313
438
18
18
18
385
360
175
450
56
164
112
474
144
146
230
148
340
304
184
444
24
490
146
436
7
504
218
48
367
360
0
50
447
240
432
283
31
490
318
50
436
304
146
144
148
262
490
0
0
0
0
0
0
0
0
0
0
0
0
0
0
73
170
402
7
18
236
258
131
37
60
114
239
486
392
7
110
105
330
186
397
7
27
18
489
73
230
318
14
225
203
193
206
134
146
144
166
18
153
425
110
121
56
332
43
131
105
109
50
184
12
265
229
440
57
395
24
155
248
390
457
325
425
312
248
434
208
144
384
471
241
485
87
46
402
14
26
432
155
402
139
387
18
0
0
0
0
0
0
0
0
0
0
0
0
0
0
134
236
153
422
150
45
450
24
26
147
110
152
450
146
194
144
296
357
328
425
198
156
425
57
218
0
76
206
184
135
98
18
141
18
128
195
73
24
105
56
73
173
322
264
297
142
395
124
312
440
312
202
48
238
466
236
288
406
406
154
152
24
166
360
248
123
352
288
327
47
425
7
184
240
250
300
440
434
150
187
187
408
0
0
0
0
0
0
0
0
0
0
0
0
0
0
397
155
91
399
1
14
361
107
303
220
15
425
252
448
365
110
252
179
105
132
131
146
190
26
480
201
352
166
177
423
143
419
131
440
230
134
294
146
149
301
365
287
164
45
428
153
110
496
238
480
385
186
198
159
238
427
360
360
297
219
402
146
480
108
441
443
432
146
291
450
335
131
410
296
329
264
252
450
219
52
434
400
0
0
0
0
0
0
0
0
0
0
0
190
24
422
174
167
39
206
434
360
183
376
406
294
246
458
79
26
55
220
248
147
0
440
252
52
354
188
58
58
130
144
166
143
308
184
105
105
229
208
504
249
301
44
0
504
44
301
110
100
48
118
160
440
433
152
57
490
62
18
178
488
334
434
11
386
441
291
419
64
435
402
435
402
230
24
425
506
58
397
360
0
155
437
150
146
314
184
0
0
0
0
0
0
0
0
126
48
170
394
22
18
151
214
103
58
360
108
51
18
19
111
363
146
402
210
393
250
451
248
63
73
139
46
56
497
24
248
424
203
472
220
442
132
246
236
66
18
134
53
432
248
157
184
49
431
108
48
440
292
304
394
134
440
418
492
428
443
386
449
362
146
40
435
57
274
388
478
179
402
154
184
144
440
265
327
15
354
219
219
39
482
424
174
182
386
0
0
0
0
0
0
422
158
10
231
135
0
118
192
440
386
7
427
76
210
129
166
147
72
230
110
344
36
327
248
76
63
290
180
418
218
134
395
184
406
374
206
43
18
184
289
56
210
152
24
28
18
63
126
456
48
292
300
282
180
440
288
292
322
137
288
390
486
443
141
387
154
120
440
299
154
386
3
434
146
402
480
18
291
443
390
438
55
154
299
434
434
404
24
130
194
0
0
0
0
0
0
177
249
248
157
129
18
12
488
58
18
493
295
503
50
182
230
218
230
397
450
178
14
166
220
131
60
283
131
230
442
18
156
157
131
58
443
131
178
151
248
155
248
230
225
105
0
425
283
166
495
413
110
302
32
201
321
304
146
177
330
450
146
303
295
162
490
147
15
15
425
230
450
434
146
4
154
135
180
56
131
134
59
146
219
434
434
210
248
43
394
0
0
0
0
0
0
184
62
413
184
402
122
151
48
431
146
458
73
218
184
14
488
328
9
230
290
158
198
218
218
105
59
59
73
31
411
152
77
322
131
58
24
91
220
280
36
90
426
397
201
295
178
504
185
105
31
282
419
286
153
390
297
297
1
122
388
184
386
178
108
370
360
494
7
433
146
480
67
154
146
450
355
166
445
264
211
18
176
146
219
178
73
402
312
130
480
0
0
0
0
0
0
184
153
165
156
156
154
402
48
238
235
147
78
281
24
146
14
57
254
202
254
79
450
219
218
14
123
114
231
428
411
74
194
422
258
220
202
217
412
104
0
89
248
413
225
312
174
138
208
73
41
31
283
169
45
195
108
360
104
15
195
144
178
47
18
155
147
214
24
62
254
240
219
363
434
384
154
450
155
9
206
354
41
70
178
490
146
450
226
367
456
0
0
0
0
0
0
184
26
147
135
18
218
402
152
73
184
185
450
176
412
439
208
146
146
395
239
39
218
146
494
39
190
28
321
63
131
443
121
397
452
290
201
37
114
111
76
179
0
0
0
0
0
0
139
177
162
28
184
18
398
74
177
432
410
187
203
202
50
147
186
490
146
377
154
459
385
154
358
434
131
146
259
418
498
131
130
18
440
240
137
154
144
450
24
0
18
0
0
0
0
0
0
156
15
399
167
504
150
402
446
350
446
24
232
229
18
139
47
360
490
166
166
144
146
110
468
39
300
395
205
45
153
7
7
184
402
24
220
230
138
156
50
0
0
0
0
0
0
0
48
100
115
445
87
171
318
59
411
162
146
494
3
166
26
480
296
362
425
504
402
181
434
223
447
300
488
219
434
299
472
350
210
177
230
0
130
178
371
130
427
18
18
0
0
0
0
0
0
504
2
140
310
402
135
250
130
167
48
297
206
297
145
212
146
360
211
480
218
158
0
270
262
39
52
382
291
448
68
192
210
88
397
26
192
178
110
402
0
0
0
0
0
0
0
0
184
131
230
286
49
178
187
286
264
76
291
56
0
387
178
236
400
441
443
441
402
12
184
402
146
166
218
150
450
218
208
411
210
383
199
451
147
450
18
147
166
402
18
0
0
0
0
0
0
18
410
142
134
232
135
48
434
18
133
358
211
104
178
457
146
146
26
224
275
240
50
146
435
146
123
76
109
426
135
250
260
312
131
219
355
395
153
208
0
0
0
0
0
0
0
0
18
24
18
18
184
73
28
433
334
391
241
144
48
150
147
427
358
456
434
400
67
459
42
147
119
385
434
150
402
128
155
100
151
411
466
362
146
194
18
219
408
177
114
0
0
0
0
0
0
426
135
135
150
246
218
24
210
417
392
154
231
431
146
321
347
450
18
178
34
434
456
194
110
450
209
154
137
154
254
48
420
303
440
79
214
48
282
48
0
0
0
0
0
0
0
0
0
0
0
0
173
105
242
51
169
177
325
218
144
291
440
66
420
0
146
146
440
443
292
447
312
155
288
384
146
435
448
392
259
388
431
42
79
73
434
48
402
184
184
0
0
0
0
0
0
0
131
135
135
402
153
362
210
418
146
150
60
154
330
448
450
450
146
0
328
234
450
114
395
450
154
46
236
402
135
48
184
0
296
450
15
156
150
156
0
0
0
0
0
0
0
0
0
0
0
0
390
72
425
220
397
397
0
47
222
39
18
402
144
490
63
3
152
440
448
67
178
434
218
147
146
406
146
247
164
131
239
282
433
376
146
57
402
184
184
0
0
0
0
0
0
0
177
155
411
402
152
90
391
179
108
360
184
365
114
178
453
322
18
155
218
182
96
402
177
450
178
90
70
504
411
82
175
187
248
147
157
50
178
178
0
0
0
0
0
0
0
0
0
0
0
0
130
105
241
154
211
179
82
24
454
511
18
230
151
494
410
16
178
248
146
230
166
366
360
494
219
450
146
146
195
411
45
402
178
450
454
144
450
442
138
0
0
0
0
0
0
166
128
134
199
448
44
297
454
156
440
225
18
131
208
146
224
450
73
328
139
262
392
498
157
360
454
306
195
247
210
283
453
429
389
219
145
104
58
144
0
0
0
0
0
0
0
0
0
0
0
0
134
134
274
98
434
88
411
22
384
144
146
176
207
48
470
144
325
325
230
303
193
291
154
145
219
450
144
166
402
131
442
0
178
406
448
494
450
148
434
0
0
0
0
0
0
426
131
402
402
504
44
395
397
147
47
76
24
78
256
219
483
7
435
452
206
299
406
434
144
139
145
147
18
236
131
82
181
22
41
219
338
241
24
230
0
0
0
0
0
0
0
0
0
0
0
0
0
0
0
0
18
170
397
503
450
434
146
450
115
248
208
178
420
360
258
22
184
449
146
360
146
450
18
192
150
151
178
59
176
132
146
439
450
247
73
0
0
0
0
0
0
170
152
390
135
411
152
218
195
212
433
406
163
131
146
454
402
260
39
450
74
232
146
48
436
299
187
504
301
448
254
488
250
178
56
178
402
146
58
48
0
0
0
0
0
0
0
0
0
0
0
0
0
0
0
0
241
341
135
154
450
472
146
192
154
482
146
60
262
146
450
219
56
291
18
178
178
450
18
187
387
155
120
163
24
55
146
219
450
490
184
0
0
0
0
0
0
156
150
390
71
182
19
350
395
230
155
261
325
360
74
154
450
178
150
449
120
184
146
184
290
434
443
57
399
431
218
250
422
307
318
490
99
370
138
152
0
0
0
0
0
0
0
0
0
0
0
0
0
0
0
0
142
0
402
488
450
450
218
111
488
112
146
451
450
433
450
59
300
2
146
447
146
450
146
504
427
18
426
134
57
155
146
67
450
73
184
0
0
0
0
0
0
232
438
390
402
18
26
306
134
427
360
450
184
37
352
7
219
154
471
450
48
424
137
63
384
291
137
56
457
130
18
488
7
505
417
50
144
299
232
296
0
0
0
0
0
0
0
0
0
0
0
0
0
0
0
0
419
22
45
24
193
240
146
12
488
44
450
480
219
58
146
157
364
434
435
219
402
434
336
152
24
18
57
210
476
450
146
147
450
73
184
0
0
0
0
0
0
426
438
390
396
411
18
202
154
73
360
449
47
177
434
259
48
390
155
453
434
184
18
206
440
155
124
48
143
292
36
184
229
166
154
432
395
97
404
114
395
144
48
115
128
0
0
0
0
0
0
0
206
88
426
57
486
158
274
24
450
490
178
391
48
296
146
217
58
202
146
247
154
132
402
147
26
218
208
166
49
146
62
157
24
434
146
402
210
49
230
0
0
0
0
0
0
426
19
390
151
411
411
244
45
440
96
493
24
393
455
453
414
322
146
443
71
73
506
301
48
452
59
427
350
110
431
441
395
228
376
48
480
499
440
395
248
236
322
427
0
0
0
0
0
0
0
0
427
194
134
125
397
165
18
140
451
450
146
390
184
105
166
224
56
450
151
257
230
452
18
147
146
178
458
402
206
146
333
454
303
218
146
219
224
248
184
0
0
0
0
0
0
495
146
130
165
18
135
48
15
158
453
74
450
201
65
366
151
164
18
155
139
440
435
100
62
443
26
164
219
48
254
315
305
182
334
490
132
185
282
392
418
177
292
280
0
0
0
0
0
0
0
0
57
170
166
202
60
49
0
230
58
90
250
99
361
202
146
218
58
230
491
490
138
184
146
150
474
240
146
24
7
504
175
451
466
132
450
222
43
184
395
0
0
0
0
0
0
171
48
131
411
431
131
13
395
39
376
478
230
218
122
146
56
299
144
154
395
137
154
74
101
388
440
292
33
505
182
123
315
402
134
300
295
140
441
48
288
174
148
432
0
0
0
0
0
0
0
0
427
177
171
184
325
487
471
219
111
0
248
428
190
105
114
451
104
329
39
202
146
105
211
448
450
178
146
284
402
152
45
448
79
78
218
47
330
427
450
0
0
0
0
0
0
0
330
175
0
504
135
442
166
139
104
7
185
246
158
33
78
146
291
294
43
288
505
48
206
299
299
48
48
16
167
48
395
143
123
296
44
49
126
118
48
429
283
32
184
171
362
426
124
362
46
362
283
219
220
352
230
152
146
222
192
76
440
385
7
222
76
110
105
111
208
195
110
72
178
218
210
394
18
146
162
18
184
111
454
147
208
147
120
481
126
0
0
0
0
0
0
105
350
48
391
411
135
152
206
426
297
3
69
496
45
259
199
490
63
219
0
0
146
31
250
57
441
391
450
146
171
248
480
504
493
108
418
131
463
180
171
167
249
480
312
312
430
148
24
171
426
42
156
57
127
225
491
218
196
466
230
39
236
367
454
482
220
363
108
56
76
360
292
178
146
219
466
151
243
150
60
387
184
58
450
70
24
450
238
158
0
0
0
0
0
0
0
134
129
106
131
18
434
415
402
369
254
146
402
411
448
297
26
164
274
490
178
56
390
297
302
154
179
157
253
399
50
160
56
177
480
265
45
73
146
45
48
49
174
62
112
178
185
201
79
57
122
54
51
120
370
164
108
55
73
498
399
217
245
56
224
79
105
490
252
73
0
218
166
24
146
198
218
490
62
7
206
69
296
414
192
218
0
90
152
232
181
282
0
0
0
0
0
419
46
248
147
411
45
425
422
146
410
224
448
135
3
24
184
73
209
197
409
417
396
299
312
26
134
408
245
79
312
236
172
270
410
136
33
292
467
63
402
18
218
18
18
418
171
78
134
246
432
358
144
121
230
419
105
0
63
102
451
178
195
78
196
360
392
210
190
76
104
25
214
132
472
146
178
178
410
135
488
146
208
26
146
158
158
212
504
148
402
450
0
0
0
0
0
131
24
274
59
143
152
411
11
411
201
392
384
293
57
443
194
450
238
48
56
299
386
484
291
157
314
36
292
7
48
57
448
43
39
238
173
0
123
410
35
443
441
211
167
1
24
442
18
147
319
58
76
96
491
224
478
146
159
114
104
366
194
315
110
76
114
48
248
462
13
403
146
110
146
214
157
511
133
150
301
57
393
146
214
239
230
130
176
24
184
194
0
0
0
0
0
0
0
0
453
131
18
327
130
131
200
280
402
295
414
7
420
462
146
157
56
198
146
7
355
63
184
122
406
177
146
178
184
494
146
152
236
48
236
56
153
121
489
415
230
18
483
443
415
283
176
248
131
198
154
152
178
178
211
58
248
346
146
130
202
156
238
105
451
245
299
222
146
14
146
150
206
504
43
128
57
73
146
219
466
50
208
0
0
0
0
0
0
0
0
0
0
0
60
57
236
145
45
321
386
416
474
388
384
256
178
145
283
365
486
126
442
387
146
34
230
435
41
282
402
156
482
406
453
399
399
48
427
286
134
395
73
496
286
18
268
444
220
239
441
73
434
146
18
440
312
56
120
57
254
252
251
110
182
312
150
110
305
252
230
252
73
210
209
39
208
490
222
406
0
15
157
289
324
254
146
132
426
0
0
0
0
0
0
0
0
0
0
0
402
0
0
135
411
45
443
415
385
7
450
164
274
18
131
103
18
50
490
223
144
58
154
179
358
418
58
18
144
166
154
10
387
258
210
195
137
230
134
134
39
430
37
297
74
151
210
415
322
17
56
31
248
248
111
58
146
225
321
105
70
480
230
73
198
389
168
195
73
78
318
178
448
236
290
18
254
98
210
208
146
70
190
230
490
0
0
0
0
0
0
0
0
0
0
0
184
284
130
241
131
82
259
511
291
24
241
157
114
157
57
292
24
26
147
144
432
58
203
443
443
134
154
185
144
457
279
334
103
206
146
298
33
230
443
68
48
105
7
76
46
151
361
105
411
265
110
36
248
208
56
145
211
321
293
105
359
146
105
7
209
362
105
252
72
190
254
110
24
56
240
154
134
393
144
14
146
147
200
99
355
0
0
0
0
0
0
0
0
0
0
0
0
14
0
45
24
397
156
195
411
270
415
146
395
230
391
415
395
248
299
131
97
412
120
360
440
297
303
108
291
201
56
486
189
397
291
427
122
230
135
73
105
18
56
301
70
7
303
104
184
185
195
248
448
248
230
360
72
105
108
299
263
58
385
218
254
220
110
442
454
452
230
108
306
188
34
184
175
288
218
252
224
210
450
238
248
0
0
0
0
0
0
0
0
0
0
0
0
0
0
170
169
177
18
504
131
7
225
108
296
361
97
127
122
24
58
290
190
370
184
307
414
104
350
97
218
252
56
290
425
230
230
203
184
157
419
61
50
131
210
248
431
57
382
217
58
225
110
251
73
105
197
248
218
26
156
324
67
131
166
106
146
166
14
195
7
178
114
146
26
173
236
354
295
216
196
240
509
157
90
300
424
0
0
0
0
0
0
0
0
0
0
0
0
0
0
241
104
18
15
472
146
146
422
146
232
409
286
18
238
282
206
282
395
176
178
178
433
296
449
73
454
7
57
146
406
225
48
18
184
166
58
167
298
206
167
41
418
56
101
72
314
430
60
201
110
0
223
72
105
312
45
360
36
296
202
201
209
219
472
252
78
111
78
431
146
175
229
357
360
190
78
252
0
14
466
449
232
0
0
0
0
0
0
0
0
0
0
0
0
0
0
395
49
148
425
442
431
137
7
147
282
288
7
454
134
386
146
418
177
419
236
28
146
48
123
292
391
18
18
378
146
28
48
300
414
177
58
504
3
29
45
165
274
9
56
74
131
184
480
36
58
24
178
481
104
361
105
422
202
144
109
194
0
76
208
14
78
236
43
232
217
224
39
441
14
72
111
88
200
119
113
105
55
0
0
0
0
0
0
0
0
0
0
0
0
0
0
134
299
246
327
448
411
419
433
415
178
414
408
230
135
450
18
48
393
108
157
353
156
24
360
446
331
35
325
414
146
195
26
0
145
312
188
327
175
306
265
131
252
327
225
41
376
42
451
236
155
190
493
154
156
104
106
455
15
188
164
440
448
230
230
230
223
229
184
441
0
506
424
252
448
230
230
220
114
225
498
0
0
0
0
0
0
0
0
0
0
0
0
0
0
0
0
135
150
148
171
179
287
57
507
411
440
415
330
56
130
191
57
162
146
9
110
108
154
202
128
299
450
446
9
110
252
224
312
104
450
178
48
18
146
50
146
73
187
58
33
251
195
184
252
225
442
178
108
73
359
254
14
114
198
154
360
105
448
230
166
60
176
134
250
132
184
130
190
14
88
110
197
106
184
0
0
0
0
0
0
0
0
0
0
0
0
0
0
0
0
0
0
135
150
241
24
225
143
326
442
411
18
419
82
181
425
56
157
121
114
111
392
49
450
173
171
0
147
144
141
363
150
48
234
179
246
395
299
49
411
63
354
176
248
229
24
146
201
63
193
201
411
178
139
353
230
451
450
225
411
254
182
14
63
210
189
288
411
141
270
418
174
195
190
72
158
324
230
399
174
0
0
0
0
0
0
0
0
0
0
0
0
0
0
0
0
0
0
419
209
0
0
241
177
15
146
489
479
425
2
131
26
412
289
248
37
56
261
45
486
395
210
236
403
296
299
110
79
395
147
138
470
56
50
18
45
241
224
14
402
146
18
162
146
79
14
56
329
352
2
154
151
195
480
235
184
108
200
230
427
418
37
440
511
176
229
104
146
193
102
195
146
230
128
399
7
0
0
0
0
0
0
0
0
0
0
0
0
0
0
0
0
0
0
0
0
24
0
0
230
163
327
395
131
258
131
426
131
199
24
282
156
224
160
184
365
367
451
0
218
51
282
426
182
434
483
250
3
178
214
427
233
42
58
248
252
166
114
60
212
419
230
132
231
480
411
218
218
451
483
329
166
254
230
325
206
110
48
440
99
424
78
220
448
166
220
202
230
174
170
446
224
0
0
0
0
0
0
0
0
0
0
0
0
0
0
0
0
0
0
0
0
0
0
277
249
57
425
319
155
415
155
434
325
67
226
189
443
299
260
365
110
395
230
457
146
144
130
177
322
454
368
157
184
395
166
154
448
60
322
294
410
129
18
175
250
453
360
363
227
229
56
182
183
124
292
100
39
344
344
441
256
250
56
419
156
24
397
121
196
111
436
110
146
0
0
0
0
0
0
0
0
0
0
0
0
0
0
0
0
0
0
0
0
0
0
0
0
0
0
18
178
430
170
419
18
255
265
411
435
7
312
383
144
139
154
48
285
334
392
169
148
26
206
158
146
465
330
395
329
210
164
296
376
330
423
157
371
239
437
425
325
210
140
362
174
152
184
178
260
329
76
104
68
460
292
57
366
292
408
441
307
152
55
76
448
0
102
194
410
0
0
0
0
0
0
0
0
0
0
0
0
0
0
0
0
0
0
0
0
0
0
0
0
0
0
453
327
158
0
146
425
255
139
203
105
474
397
291
446
46
109
105
120
323
248
422
198
292
299
237
360
230
144
154
299
134
425
110
499
297
131
24
227
425
45
110
74
144
60
110
456
482
61
110
73
76
484
203
203
66
193
167
82
178
146
73
254
255
7
220
220
110
110
115
210
0
0
0
0
0
0
0
0
0
0
0
0
0
0
0
0
0
0
0
0
0
0
0
0
0
0
18
131
316
314
134
15
419
255
31
76
419
60
504
440
58
299
360
297
173
157
319
189
48
41
59
299
96
399
312
63
414
218
146
441
146
480
334
448
291
14
232
476
233
75
220
148
187
419
364
504
120
271
7
504
47
210
223
440
58
254
178
254
220
178
220
208
226
146
402
146
0
0
0
0
0
0
0
0
0
0
0
0
0
0
0
0
0
0
0
0
0
0
0
0
0
0
0
185
89
0
185
39
283
185
31
411
283
31
49
187
248
31
58
26
250
187
62
290
146
270
490
7
56
402
494
441
454
388
296
298
154
420
150
322
151
241
504
386
184
312
365
184
312
286
390
1
6
390
435
390
298
146
370
147
26
111
252
68
176
197
122
338
0
177
120
0
0
0
0
0
0
0
0
0
0
0
0
0
0
0
0
0
0
0
0
0
0
0
0
0
0
0
0
0
0
0
0
122
24
273
425
256
59
440
201
287
255
259
181
187
24
282
177
13
408
167
360
35
18
384
13
299
225
65
435
434
364
395
123
96
402
292
57
402
100
433
463
43
206
292
440
316
48
440
146
195
240
144
178
0
110
111
76
0
200
374
110
114
0
0
0
0
0
0
0
0
0
0
0
0
0
0
0
0
0
0
0
0
0
0
0
0
0
0
0
0
0
0
0
0
0
0
438
43
147
207
455
169
31
107
48
283
446
28
354
74
173
329
414
22
354
110
137
440
392
73
355
330
288
288
37
376
300
293
456
299
232
44
440
65
303
181
293
356
288
184
288
288
41
154
406
58
146
73
76
63
230
56
252
104
90
282
158
410
0
0
0
0
0
0
0
0
0
0
0
0
0
0
0
0
0
0
0
0
0
0
0
0
0
0
0
0
0
0
0
0
0
0
158
48
419
110
321
157
341
32
91
243
105
448
448
60
415
230
131
442
58
130
430
412
480
450
419
236
312
78
303
456
120
506
59
110
206
130
222
268
230
395
269
145
206
395
154
0
24
24
70
24
222
254
252
254
457
196
110
184
184
206
433
0
0
0
0
0
0
0
0
0
0
0
0
0
0
0
0
0
0
0
0
0
0
0
0
0
0
0
0
0
0
0
0
0
0
0
177
105
360
185
121
185
347
438
57
442
91
325
105
60
31
105
31
57
59
353
50
248
88
157
178
177
33
312
402
177
72
370
108
384
290
504
73
118
155
458
177
58
418
146
178
178
147
488
248
105
111
252
252
220
164
120
24
24
24
169
62
0
0
0
0
0
0
0
0
0
0
0
0
0
0
0
0
0
0
0
0
0
0
0
0
0
0
0
0
0
0
0
0
0
0
0
0
0
0
0
0
24
325
29
274
0
41
289
63
184
255
63
56
28
425
443
123
123
63
57
206
41
56
48
154
392
229
166
440
449
312
408
387
109
108
366
392
236
395
131
206
438
201
62
24
63
55
62
76
72
491
226
178
0
0
0
0
0
0
0
0
0
0
0
0
0
0
0
0
0
0
0
0
0
0
0
0
0
0
0
0
0
0
0
0
0
0
0
0
0
0
0
0
0
0
0
0
41
56
433
177
376
61
118
49
105
39
28
319
480
295
7
329
105
73
377
352
63
442
442
414
146
411
422
202
170
150
402
154
178
402
146
146
99
6
58
146
76
73
165
382
0
201
110
241
497
118
282
426
0
0
0
0
0
0
0
0
0
0
0
0
0
0
0
0
0
0
0
0
0
0
0
0
0
0
0
0
0
0
0
0
0
0
0
0
0
0
0
0
0
0
0
0
56
131
75
291
74
225
157
504
427
156
188
440
314
18
152
131
59
131
248
283
131
90
184
195
228
243
58
504
248
108
254
58
156
419
105
252
230
364
218
218
218
220
448
220
230
232
213
380
104
156
51
354
0
0
0
0
0
0
0
0
0
0
0
0
0
0
0
0
0
0
0
0
0
0
0
0
0
0
0
0
0
0
0
0
0
0
0
0
0
0
0
0
0
0
0
0
185
0
105
105
239
202
185
303
171
177
73
504
121
57
105
63
303
105
235
59
31
60
105
105
106
59
105
105
105
24
493
105
62
24
144
11
220
36
105
511
220
108
122
110
230
107
312
105
107
445
110
122
0
0
0
0
0
0
0
0
0
0
0
0
0
0
0
0
0
0
0
0
0
0
0
0
0
0
0
0
0
0
0
0
0
0
0
0
0
0
0
0
0
0
0
0
0
0
0
0
0
0
0
0
0
0
0
0
18
18
114
185
250
28
40
63
352
57
56
56
59
425
56
73
56
59
333
146
57
56
248
104
508
24
24
105
114
330
370
395
0
0
0
0
0
0
0
0
0
0
0
0
0
0
0
0
0
0
0
0
0
0
0
0
0
0
0
0
0
0
0
0
0
0
0
0
0
0
0
0
0
0
0
0
0
0
0
0
0
0
0
0
0
0
0
0
0
0
0
0
0
0
0
0
0
169
147
147
104
433
105
31
28
56
73
28
105
56
105
105
31
24
121
57
63
63
24
76
105
118
56
131
170
210
173
362
0
0
0
0
0
0
0
0
0
0
0
0
0
0
0
0
0
0
0
0
0
0
0
0
0
0
0
0
0
0
0
0
0
0
0
0
0
0
0
0
0
0
0
0
0
0
0
0
0
0
0
0
0
0
0
0
0
0
0
0
0
0
0
0
158
184
186
157
323
28
412
18
231
115
41
60
60
252
446
446
252
105
230
213
303
297
107
171
338
178
168
210
24
24
184
224
0
0
0
0
0
0
0
0
0
0
0
0
0
0
0
0
0
0
0
0
0
0
0
0
0
0
0
0
0
0
0
0
0
0
0
0
0
0
0
0
0
0
0
0
0
0
0
0
0
0
0
0
0
0
0
0
0
0
0
0
0
0
0
0
177
24
282
202
194
139
18
185
73
248
106
185
90
218
211
210
208
155
171
238
438
24
170
27
73
110
178
146
26
168
490
0
0
0
0
0
0
0
0
0
0
0
0
0
0
0
0
0
0
0
0
0
0
0
0
0
0
0
0
0
0
0
0
0
0
0
0
0
0
0
0
0
0
0
0
0
0
0
0
0
0
0
0
0
0
0
0
0
0
0
0
0
0
0
0
0
0
0
0
0
0
0
0
0
0
0
0
0
0
0
0
0
0
0
0
0
0
0
0
0
0
0
0
0
0
0
0
0
0
0
0
0
0
0
0
0
0
0
0
0
0
0
0
0
0
0
0
0
0
0
0
0
0
0
0
0
0
0
0
0
0
0
0
0
0
0
0
0
0
0
0
0
0
0
0
0
0
0
0
0
0
0
0
0
0
0
0
0
0
0
0
0
0
0
0
0
0
0
0
0
0
0
0
0
0
0
0
0
0
0
0
0
0
0
0
0
0
0
0
0
0
0
0
0
0
0
0
0
0
0
0
0
0
0
0
0
0
0
0
0
0
0
0
0
0
0
0
0
0
0
0
0
0
0
0
0
0
0
0
0
0
0
0
0
0
0
0
0
0
0
0
0
0
0
0
0
0
0
0
0
0
0
0
0
0
0
0
0
0
0
0
0
0
0
0
0
0
0
0
0
0
0
0
0
0
0
0
0
0
0
0
0
0
0
0
0
0
0
0
0
0
0
0
0
0
0
0
0
0
0
0
0
0
0
0
0
0
0
0
0
0
0
0
0
0
0
0
0
0
0
0
0
0
0
0
0
0
0
0
0
0
0
0
0
0
0
0
0
0
0
0
0
0
0
0
0
0
0
0
0
0
0
0
0
0
0
0
0
0
0
0
0
0
0
0
0
0
0
0
0
0
0
0
0
0
0
0
0
0
0
0
0
0
0
0
0
0
0
0
0
0
0
0
0
0
0
0
0
0
0
0
0
0
0
0
0
0
0
0
0
0
0
0
0
0
0
0
0
0
0
0
0
0
0
0
0
0
0
0
0
0
0
0
0
0
0
0
0
0
0
0
0
0
0
0
0
0
0
0
0
0
0
0
0
0
0
0
0
0
0
0
0
0
0
0
0
0
0
0
0
0
0
0
0
0
0
0
0
0
0
0
0
0
0
0
0
0
0
0
0
0
0
0
0
0
0
0
0
0
0
0
0
0
0
0
0
0
0
0
0
0
0
0
0
0
0
0
0
0
0
0
0
0
0
0
0
0
0
0
0
0
0
0
0
0
0
0
0
0
0
0
0
0
0
0
0
0
0
0
0
0
0
0
0
0
0
0
0
0
0
0
0
0
0
0
0
0
0
0
0
0
0
0
0
0
0
0
0
0
0
0
0
0
0
0
0
0
0
0
0
0
0
0
0
0
0
0
0
0
0
0
0
0
0
0
0
0
0
0
